mean_squared_error: 3.378564707950637
r2_score: 0.8770281948906475
